===================================
i = 10 and j = 10
n=10 m=10 t=20 k=1 fi=4
5375	9e-06
5375	8e-06
5375	6e-06
5375	5e-06
5375	5e-06
5375	6e-06
5375	5e-06
5375	5e-06
5375	5e-06
5375	5e-06
5375	5e-06
5375	6e-06
5375	5e-06
5375	6e-06
5375	5e-06
5375	5e-06
5375	5e-06
5375	5e-06
5375	5e-06
5375	5e-06
avg time:5.55e-06
====================================
===================================
i = 10 and j = 100
n=10 m=100 t=20 k=1 fi=4
9516	5e-05
9516	4.7e-05
9516	4.5e-05
9516	4.5e-05
9516	4.6e-05
9516	4.5e-05
9516	4.5e-05
9516	4.5e-05
9516	4.6e-05
9516	4.5e-05
9516	4.5e-05
9516	4.5e-05
9516	4.5e-05
9516	4.6e-05
9516	4.5e-05
9516	4.5e-05
9516	4.6e-05
9516	4.5e-05
9516	5.2e-05
9516	4.5e-05
avg time:4.59e-05
====================================
===================================
i = 10 and j = 1000
n=10 m=1000 t=20 k=1 fi=4
9942	0.000441
9942	0.000463
9942	0.000449
9942	0.000437
9942	0.000441
9942	0.000437
9942	0.000441
9942	0.000454
9942	0.000444
9942	0.000445
9942	0.000438
9942	0.000441
9942	0.000437
9942	0.000443
9942	0.000437
9942	0.000441
9942	0.000447
9942	0.000441
9942	0.000436
9942	0.000437
avg time:0.0004425
====================================
===================================
i = 10 and j = 10000
n=10 m=10000 t=20 k=1 fi=4
9989	0.0044
9989	0.004411
9989	0.004397
9989	0.004373
9989	0.004379
9989	0.004376
9989	0.004373
9989	0.004403
9989	0.004393
9989	0.004378
9989	0.004377
9989	0.004384
9989	0.004383
9989	0.004379
9989	0.004377
9989	0.004381
9989	0.004388
9989	0.004378
9989	0.004378
9989	0.004392
avg time:0.004385
====================================
===================================
i = 100 and j = 10
n=100 m=10 t=20 k=1 fi=4
9464	0.000411
9464	0.000411
9464	0.000402
9464	0.000406
9464	0.000401
9464	0.000404
9464	0.0004
9464	0.000401
9464	0.000418
9464	0.000401
9464	0.000405
9464	0.0004
9464	0.0004
9464	0.000403
9464	0.0004
9464	0.000403
9464	0.0004
9464	0.000401
9464	0.000414
9464	0.0004
avg time:0.00040405
====================================
===================================
i = 100 and j = 100
n=100 m=100 t=20 k=1 fi=4
60344	0.003945
60344	0.003934
60344	0.003943
60344	0.00393
60344	0.003927
60344	0.00396
60344	0.003964
60344	0.003932
60344	0.003935
60344	0.003933
60344	0.003929
60344	0.003928
60344	0.003928
60344	0.003938
60344	0.003935
60344	0.00393
60344	0.003933
60344	0.003932
60344	0.003933
60344	0.003935
avg time:0.0039362
====================================
===================================
i = 100 and j = 1000
n=100 m=1000 t=20 k=1 fi=4
94145	0.039085
94145	0.039075
94145	0.039055
94145	0.039056
94145	0.039083
94145	0.039057
94145	0.039027
94145	0.039055
94145	0.039075
94145	0.039034
94145	0.039061
94145	0.039064
94145	0.039047
94145	0.03905
94145	0.039041
94145	0.039057
94145	0.039044
94145	0.039056
94145	0.039043
94145	0.039039
avg time:0.0390552
====================================
===================================
i = 100 and j = 10000
n=100 m=10000 t=20 k=1 fi=4
99319	0.389874
99319	0.389987
99319	0.390174
99319	0.39001
99319	0.389923
99319	0.389992
99319	0.390093
99319	0.389895
99319	0.389753
99319	0.389955
99319	0.389648
99319	0.389919
99319	0.389813
99319	0.389692
99319	0.389912
99319	0.389854
99319	0.390016
99319	0.390044
99319	0.389922
99319	0.3902
avg time:0.389934
====================================
===================================
i = 1000 and j = 10
n=1000 m=10 t=20 k=1 fi=4
9950	0.038036
9950	0.038032
9950	0.03804
9950	0.038061
9950	0.038074
9950	0.038106
9950	0.038107
9950	0.03805
9950	0.038054
9950	0.038047
9950	0.038033
9950	0.038032
9950	0.038098
9950	0.038044
9950	0.038037
9950	0.038039
9950	0.038035
9950	0.038046
9950	0.038073
9950	0.038036
avg time:0.038054
====================================
===================================
i = 1000 and j = 100
n=1000 m=100 t=20 k=1 fi=4
96144	0.378567
96144	0.378427
96144	0.37847
96144	0.378597
96144	0.378265
96144	0.378454
96144	0.378376
96144	0.378301
96144	0.378451
96144	0.378299
96144	0.378456
96144	0.378442
96144	0.378252
96144	0.378257
96144	0.378321
96144	0.378395
96144	0.378469
96144	0.378332
96144	0.378365
96144	0.378346
avg time:0.378392
====================================
===================================
i = 1000 and j = 1000
n=1000 m=1000 t=20 k=1 fi=4
572769	3.77536
572769	3.77449
572769	3.77434
572769	3.77476
572769	3.77502
572769	3.77438
572769	3.77496
572769	3.7744
572769	3.77486
572769	3.77535
572769	3.77431
572769	3.77516
572769	3.77454
572769	3.77451
572769	3.77471
572769	3.77417
572769	3.77469
572769	3.77481
572769	3.7744
572769	3.77421
avg time:3.77467
====================================
===================================
i = 1000 and j = 10000
n=1000 m=10000 t=20 k=1 fi=4
949687	37.7223
949687	37.7191
949687	37.7224
949687	37.7239
949687	37.724
949687	37.7219
949687	37.7212
949687	37.7319
949687	37.7274
949687	37.7228
949687	37.7245
949687	37.7203
949687	37.7222
949687	37.7227
949687	37.7243
949687	37.7268
949687	37.7241
949687	37.7192
949687	37.7274
949687	37.7266
avg time:37.7238
====================================
===================================
i = 10000 and j = 10
n=10000 m=10 t=20 k=1 fi=4
9989	3.77031
9989	3.77006
9989	3.76929
9989	3.76948
9989	3.77004
9989	3.76964
9989	3.76979
9989	3.77024
9989	3.76941
9989	3.76979
9989	3.76951
9989	3.76952
9989	3.76938
9989	3.76973
9989	3.77024
9989	3.76958
9989	3.76929
9989	3.77095
9989	3.77036
9989	3.76984
avg time:3.76982
====================================
===================================
i = 10000 and j = 100
n=10000 m=100 t=20 k=1 fi=4
99568	37.7208
99568	37.7205
99568	37.7185
99568	37.719
99568	37.7218
99568	37.7174
99568	37.7178
99568	37.7179
99568	37.7187
99568	37.712
99568	37.7218
99568	37.7206
99568	37.7195
99568	37.7206
99568	37.7189
99568	37.7197
99568	37.7197
99568	37.7188
99568	37.7181
99568	37.7173
avg time:37.719
====================================
===================================
i = 10000 and j = 1000
n=10000 m=1000 t=20 k=1 fi=4
958396	377.964
958396	377.536
958396	378.143
958396	378.107
958396	377.04
958396	377.005
958396	377.015
958396	377.004
958396	378.552
958396	378.116
958396	377.024
958396	377.005
958396	377.027
958396	377.025
958396	377.031
958396	377.017
958396	377.028
958396	377.024
958396	377.022
958396	377.023
avg time:377.335
====================================
===================================
i = 10000 and j = 10000
n=10000 m=10000 t=20 k=1 fi=4
5779263	3767.09
5779263	3768.25
5779263	3770.25
5779263	3777.51
5779263	3771.56
5779263	3772.12
5779263	3773.26
5779263	3777.55
5779263	3770.93
5779263	3775.62
5779263	3770.2
5779263	3770.3
5779263	3769.62
5779263	3770.25
5779263	3772.49
5779263	3770.51
5779263	3769.03
5779263	3771.14
5779263	3769.85
5779263	3775.44
avg time:3771.65
====================================
