===================================
n=100 m=10 t=20 k=1 fi=1
9812	0.001006
9436	0.000997
9478	0.000986
9406	0.000997
9358	0.001001
9544	0.000979
9399	0.000987
9378	0.000874
9724	0.000845
9517	0.000841
9584	0.000839
9504	0.000857
9810	0.000846
9586	0.000849
9679	0.000845
9448	0.00085
9363	0.000853
9539	0.000848
9631	0.000843
9665	0.000845
avg time:0.0008994
====================================
===================================
n=100 m=100 t=20 k=1 fi=1
56177	0.008401
57191	0.00839
63252	0.008364
55979	0.008366
59147	0.008374
57380	0.00837
56375	0.008365
55840	0.008377
58227	0.008383
60439	0.008374
53713	0.008368
55950	0.008374
55851	0.008383
59582	0.008378
58182	0.008371
58477	0.008362
61430	0.008401
58658	0.008367
56949	0.008384
59449	0.008386
avg time:0.0083769
====================================
===================================
n=100 m=1000 t=20 k=1 fi=1
95405	0.083492
95363	0.083168
95874	0.083289
95334	0.083187
95300	0.083185
93579	0.083206
94242	0.083155
95258	0.083181
94533	0.083207
94360	0.08318
95093	0.083155
94910	0.083177
95140	0.083128
95458	0.083119
93769	0.083161
94154	0.083141
95161	0.083181
94617	0.083281
95100	0.083176
95589	0.083219
avg time:0.0831994
====================================
===================================
n=100 m=10000 t=20 k=1 fi=1
99504	0.832897
99415	0.832887
99473	0.8333
99343	0.832797
99427	0.832734
99402	0.83307
99466	0.833275
99511	0.833462
99485	0.833709
99516	0.832977
99472	0.832869
99522	0.833111
99502	0.832425
99515	0.832675
99457	0.833142
99426	0.833579
99385	0.834362
99463	0.834077
99451	0.833549
99429	0.832489
avg time:0.833169
====================================
===================================
n=100 m=100000 t=20 k=1 fi=1
99891	8.3373
99897	8.33635
99895	8.33482
99889	8.33496
99900	8.33485
99891	8.33535
99900	8.33561
99893	8.33649
99900	8.33771
99900	8.33547
99900	8.33594
99898	8.33633
99896	8.33609
99900	8.3365
99871	8.33495
99900	8.33457
99897	8.33472
99900	8.33621
99892	8.33624
99896	8.33681
avg time:8.33586
====================================
===================================
n=100 m=10 t=20 k=1 fi=2
9668	0.000602
9461	0.000598
9363	0.000592
9560	0.000603
9760	0.00059
9728	0.000605
9564	0.000596
9510	0.000597
9442	0.000593
9661	0.000595
9538	0.000598
9731	0.000609
9684	0.000602
9501	0.000599
9346	0.000597
9647	0.000591
9765	0.000594
9298	0.000603
9654	0.000601
9636	0.0006
avg time:0.00059825
====================================
===================================
n=100 m=100 t=20 k=1 fi=2
58725	0.005834
58151	0.005829
56570	0.005839
58655	0.005828
56264	0.005825
57614	0.005821
57763	0.005835
56559	0.005837
58026	0.005824
59766	0.005818
59392	0.005826
54962	0.005823
53951	0.005832
53410	0.00582
54629	0.005832
55962	0.005822
52852	0.005829
58483	0.005825
59680	0.005821
56871	0.005834
avg time:0.0058277
====================================
===================================
n=100 m=1000 t=20 k=1 fi=2
95098	0.057727
94441	0.057736
95885	0.057747
94995	0.057745
95485	0.057797
95043	0.057727
95008	0.057774
94855	0.057723
94223	0.057755
95664	0.057735
95693	0.057756
95626	0.057732
95969	0.057733
94517	0.057746
95309	0.057762
94475	0.057744
95079	0.057773
96249	0.057754
95363	0.057778
95352	0.057748
avg time:0.0577496
====================================
===================================
n=100 m=10000 t=20 k=1 fi=2
99514	0.57058
99368	0.570311
99471	0.570517
99466	0.570472
99344	0.570709
99459	0.570682
99453	0.570771
99327	0.570572
99389	0.570387
99421	0.570529
99423	0.570733
99384	0.570611
99420	0.570607
99372	0.570576
99418	0.570718
99419	0.570603
99414	0.570699
99469	0.570637
99504	0.570403
99411	0.570359
avg time:0.570574
====================================
===================================
n=100 m=100000 t=20 k=1 fi=2
99899	5.70617
99900	5.70641
99891	5.70515
99900	5.70462
99894	5.70578
99899	5.70552
99900	5.70594
99900	5.70606
99892	5.70651
99892	5.7058
99900	5.7059
99893	5.70551
99900	5.70571
99900	5.70576
99900	5.70563
99897	5.70586
99900	5.7059
99887	5.70623
99883	5.70584
99889	5.70568
avg time:5.7058
====================================
===================================
n=100 m=10 t=20 k=1 fi=3
9631	0.000587
9384	0.000595
9576	0.000579
9749	0.000601
9701	0.000583
9715	0.000579
9732	0.000579
9191	0.000581
9632	0.000582
9485	0.000585
9586	0.000584
9490	0.000583
9620	0.000579
9845	0.000578
9592	0.000583
9716	0.000578
9657	0.000601
9521	0.00058
9617	0.000586
9647	0.000584
avg time:0.00058435
====================================
===================================
n=100 m=100 t=20 k=1 fi=3
59883	0.005711
60238	0.005682
62706	0.005689
56892	0.005678
60935	0.005674
62764	0.005679
58297	0.005689
57602	0.005684
60612	0.005675
55549	0.005674
54918	0.005674
53603	0.005686
60687	0.00568
55195	0.00569
56463	0.005683
59680	0.005681
57632	0.005696
55851	0.005685
56365	0.005676
58318	0.005679
avg time:0.00568325
====================================
===================================
n=100 m=1000 t=20 k=1 fi=3
95562	0.055798
95003	0.05579
95078	0.055758
94969	0.05576
95915	0.055779
94267	0.055756
95595	0.055797
95531	0.055748
94967	0.055803
94345	0.055764
95141	0.055771
95049	0.05574
94914	0.055761
95095	0.055814
95172	0.055748
95295	0.05581
95627	0.055774
95421	0.055778
95172	0.055793
95346	0.055744
avg time:0.0557743
====================================
===================================
n=100 m=10000 t=20 k=1 fi=3
99415	0.561959
99365	0.561953
99468	0.562134
99480	0.561958
99469	0.56174
99485	0.562217
99430	0.561896
99491	0.561974
99510	0.561836
99380	0.562001
99411	0.561945
99521	0.561806
99453	0.56202
99369	0.562034
99444	0.561841
99328	0.561873
99408	0.562023
99424	0.561951
99518	0.561965
99384	0.561968
avg time:0.561955
====================================
===================================
n=100 m=100000 t=20 k=1 fi=3
99900	5.62025
99900	5.6185
99900	5.61859
99900	5.61924
99900	5.6183
99900	5.61881
99900	5.61839
99900	5.61934
99900	5.61828
99900	5.61782
99900	5.61799
99892	5.61773
99887	5.61744
99900	5.61847
99900	5.61836
99900	5.61803
99900	5.61891
99900	5.61881
99889	5.61879
99900	5.61931
avg time:5.61857
====================================
===================================
n=100 m=10 t=20 k=1 fi=4
9759	0.000407
9614	0.000398
9544	0.000406
9662	0.000401
9830	0.000397
9641	0.000407
9687	0.0004
9508	0.000416
9579	0.000401
9513	0.000407
9402	0.000402
9789	0.000397
9854	0.000402
9564	0.000399
9623	0.000403
9279	0.0004
9770	0.000399
9672	0.000414
9545	0.000401
9537	0.000408
avg time:0.00040325
====================================
===================================
n=100 m=100 t=20 k=1 fi=4
57595	0.003957
59613	0.003947
58402	0.003947
57223	0.003947
57017	0.003942
62851	0.003941
59794	0.003947
58494	0.003941
57372	0.003976
56823	0.003943
56501	0.003943
59633	0.003941
56342	0.003944
59453	0.003955
60441	0.003939
56203	0.003956
60562	0.003949
55604	0.003943
55840	0.003947
58814	0.003944
avg time:0.00394745
====================================
===================================
n=100 m=1000 t=20 k=1 fi=4
95405	0.039073
95035	0.039093
94906	0.039081
95730	0.039082
95036	0.039128
95627	0.039057
95409	0.039098
94205	0.039079
95321	0.039072
95333	0.039104
95869	0.039109
94944	0.039141
94653	0.039076
93922	0.039084
94999	0.039081
94689	0.039078
95512	0.039114
95748	0.039072
94462	0.039101
94024	0.039085
avg time:0.0390904
====================================
===================================
n=100 m=10000 t=20 k=1 fi=4
99449	0.390651
99444	0.390456
99338	0.390437
99392	0.390196
99318	0.390168
99399	0.390515
99457	0.390291
99418	0.390287
99449	0.39026
99528	0.390333
99498	0.390523
99351	0.390362
99319	0.390231
99472	0.390388
99376	0.390234
99480	0.390474
99394	0.390385
99437	0.390366
99413	0.390387
99463	0.39036
avg time:0.390365
====================================
===================================
n=100 m=100000 t=20 k=1 fi=4
99900	3.9042
99900	3.90263
99900	3.90454
99890	3.90462
99900	3.90217
99894	3.90434
99894	3.90417
99889	3.90524
99888	3.9053
99898	3.9044
99900	3.90444
99900	3.90404
99897	3.9046
99891	3.90391
99900	3.90408
99899	3.90436
99900	3.90423
99900	3.90441
99894	3.90428
99900	3.90381
avg time:3.90419
====================================
