./a.out cacm.all
read over
1 1
2 2
2 4
6 6
9 9
10 10
12 13
18 20
25 26
38 41
51 63
65 70
79 88
97 112
114 132
135 158
167 209
246 293
316 331
376 408
409 461
463 539
626 647
673 676
784 870
1002 1273
1349 1355
1571 1638
1654 1783
2001 2033
2051 2069
2238 2275
2488 2586
2677 2693
2704 2905
3126 3209
3309 3437
3501 3529
3871 4034
4120 4473
4513 4739
5074 5215
5370 5609
5724 5860
6335 6746
7030 7905
7970 8050
8313 8593
9252 10289
10330 10979
11148 11584
13081 14623
14935 15259
16020 16802
16906 17061
19541 21309
22732 23195
23763 26755
27704 29873
30194 32822
33766 33967
34847 35264
35589 37337
37759 38272
39091 40850
42524 42578
42796 43843
45721 45927
50518 51096
52057 57577
63016 66178
67733 70111
72926 72963
76031 79941
80266 82371
83138 84453
85102 86639
89285 89947
91648 92588
93240 101614
108345 109634
129194 130037
137844 145889
155972 162637
167591 171741
179232 184236
194854 217979
218250 259231
283733 318609
339332 363468
412833 477481
602342 702800
890314 1305142
bulid over
gen code over
